[ 8029.085101] [Project1] 4874 1586236952.574018442 1586236953.565044410
[ 8031.168717] [Project1] 4877 1586236954.641608142 1586236955.648659429
[ 8033.131244] [Project1] 4878 1586236956.603462624 1586236957.611187850
[ 8035.171876] [Project1] 4879 1586236958.666162643 1586236959.651819041
[ 8037.214689] [Project1] 4880 1586236960.685525768 1586236961.694632474
[ 8039.185367] [Project1] 4881 1586236962.678132776 1586236963.665309038
[ 8041.157212] [Project1] 4882 1586236964.646090899 1586236965.637151269
[ 8043.198408] [Project1] 4883 1586236966.681631487 1586236967.678349142
[ 8045.172828] [Project1] 4884 1586236968.677529155 1586236969.652770828
[ 8047.120480] [Project1] 4885 1586236970.606035966 1586236971.600418309
