[ 2853.177501] [Project1] 25195 1587094630.850606419 1587094633.029544178
[ 2860.553558] [Project1] 25196 1587094635.306209888 1587094640.409291445
[ 2867.223446] [Project1] 25197 1587094643.794670540 1587094647.082500969
[ 2873.930313] [Project1] 25198 1587094650.306783358 1587094653.792738217
[ 2879.953851] [Project1] 25199 1587094656.003257061 1587094659.819282769
[ 2886.482662] [Project1] 25200 1587094662.817853554 1587094666.351359302
[ 2893.079334] [Project1] 25201 1587094669.213585297 1587094672.951332913
[ 2897.264701] [Project1] 25202 1587094675.270660227 1587094677.138793451
[ 2902.067051] [Project1] 25203 1587094678.780183955 1587094681.943543883
[ 2905.576214] [Project1] 25204 1587094683.707046635 1587094685.454459234
